Run semi-empirical minimization
 &qmmm
    qm_theory='AM1', grms_tol=0.0005,
 scfconv=1.d-10, ndiis_attempts=700,   qmcharge=0,
 /
   7     N       -5.5530        0.0280        0.0170 
   6     C       -4.7120        1.0620        0.1910 
   6    C1       -3.4670        0.5910        0.4470 
   7    N1       -3.4760       -0.7540        0.4570 
   6    C2       -4.7720       -1.0700        0.1850 
   6    C3       -2.4120        1.4840        0.6260 
   7    N2       -2.6920        2.8170        0.5380 
   6    C4       -3.9620        3.2690        0.2800 
   7    N3       -4.9890        2.3840        0.0990 
   1     H       -4.1490        4.3320        0.2110 
   7    N4       -1.0910        1.0410        0.8710 
   6    C5       -6.9780        0.1050       -0.3390 
   1    H1       -5.1290       -2.0880        0.1030 
   1    H2       -0.8700        0.0370        0.9270 
   1    H3       -0.3290        1.7260        0.9810 
   6    C6       -7.8150        0.7010        0.8060 
   6    C7       -8.2120       -0.5700        1.5090 
   6    C8       -8.5350       -1.4350        0.2910 
   8     O       -7.4870       -1.1940       -0.6260 
   8    O1       -8.9660        1.3190        0.2820 
   8    O2       -9.2980       -0.3850        2.3780 
   6    C9       -8.6580       -2.9330        0.6090 
   8    O3       -9.8470       -3.1740        1.3290 
  15     P       -9.7790       -4.7390        2.1300 
   8    O4       -8.5650       -5.5400        1.5800 
   8    O5      -11.2030       -5.7240        1.8220 
   8    O6       -9.4720       -4.4830        3.8210 
  15    P1      -11.5930       -6.5720        3.3050 
   8    O7      -10.2910       -7.1740        3.9030 
   8    O8      -12.7240       -7.9010        3.1450 
   8    O9      -12.2050       -5.4620        4.4900 
  15    P2      -12.2740       -8.8370        1.7420 
   8   O10      -11.3950       -9.5390        2.8130 
   8   O11      -12.7140      -10.5100        1.5490 
   8   O12      -13.9420       -9.1010        2.1720 
   1    H4       -7.0530        0.7460       -1.2450 
   1    H5       -7.2870        1.4280        1.4670 
   1    H6       -7.3170       -0.9660        2.0490 
   1    H7       -9.4810       -1.1050       -0.1990 
   1    H8       -8.6750        2.1970       -0.0780 
   1    H9       -9.3220       -1.1790        2.9720 
   1   H10       -7.7420       -3.2350        1.1670 
   1   H11       -8.7170       -3.4890       -0.3520 
   1   H12      -10.0880       -3.7490        4.0750 
   1   H13      -13.0840       -5.1800        4.1300 
   1   H14      -12.7640      -10.6580        0.5690 
   1   H15      -14.4770       -8.7160        1.4290 

